f(5.20100000) = 0.63076123
f(5.2010000000e+00) = 6.3076122538e-01

f(-8323.60000000) = -0.52794696
f(-8.3236000000e+03) = -5.2794696417e-01

f(-0.00030000) = -0.00000000
f(-3.0000000000e-04) = -2.7000000000e-11